1. 
weights = [45, 78, 123, 237, 56, 111, 89, 232, 344, 190, 70, 250, 135, 376, 92, 187, 315, 220, 180, 260]
values = [98, 210, 155, 345, 67, 122, 134, 89, 450, 170, 77, 190, 280, 300, 113, 265, 190, 158, 99, 340]

Max Capacity = 2393

------------------------------------------------------------------------------------------------
2. 
weights = [125, 305, 78, 432, 217, 150, 590, 238, 660, 495, 312, 276, 132, 476, 189, 640, 72, 810, 385, 159, 250, 190, 360, 540, 290, 458, 634, 710, 430, 525]
values = [210, 305, 135, 445, 275, 320, 150, 220, 490, 399, 318, 525, 410, 340, 230, 465, 110, 525, 285, 210, 190, 175, 345, 250, 330, 510, 470, 455, 290, 375]

Max Capacity = 7418



